%%%%%%%%%%%%%%%%%%%%%%%%%%%%%%%%%%%%%%%%%%%%%%%%%%%%%%%%%%%%%%%%%%%%%%%%%%%
% Task
% Authors: Farley Rimon & Marouane Mastouri
% Last edited: 16/05/2020
%
% This is a typical layout of an on-shore WPP. Parameters of system 
% components were taken from a on-shore WPP in Zeewolde.
%
% See Matpower user's manual for details on the case file format.
%%%%%%%%%%%%%%%%%%%%%%%%%%%%%%%%%%%%%%%%%%%%%%%%%%%%%%%%%%%%%%%%%%%%%%%%%%%
function mpc = system_91_100MVA
%% MATPOWER Case Format : Version 2
mpc.version = '2';

%%-----  Power Flow Data  -----%%
%% system MVA base
mpc.baseMVA = 100;

%% bus data 
% bus_i	   type	    Pd	   Qd	    Gs	    Bs	   area	    Vm	    Va	    baseKV    zone	   Vmax	    Vmin
mpc.bus = [
	1       3       408.68   0       0       0       1       1       0        150      1       1.1424   0.8576;        
    2       1       0        0       0       0       1       1       0        150      1       1.1424   0.8576;
	3       1       0        0       0       0       1       1       0        150      1       1.1424   0.8576;
	4       1       0        0       0       0       1       1       0        33       1       1.1424   0.8576;
	5       1       0        0       0       0       1       1       0        150      1       1.1424   0.8576;  
	6       1       0        0       0       0       1       1       0        33       1       1.1424   0.8576;
    7       1       0        0       0    	 0       1       1       0        33       1       1.1424   0.8576;
   11       1       0        0       0    	 0       1       1       0        33       1       1.1424   0.8576;
   12       1       0        0       0    	 0       1       1       0        33       1       1.1424   0.8576;
   16       1       0        0       0       0       1       1       0        33       1       1.1424   0.8576;
   17       1       0        0       0       0       1       1       0        33       1       1.1424   0.8576;
   22       1       0        0       0       0       1       1       0        33       1       1.1424   0.8576;
   23       1       0        0       0       0       1       1       0        33       1       1.1424   0.8576;
   27       1       0        0       0       0       1       1       0        33       1       1.1424   0.8576;
   28       1       0        0       0       -12     1       1       0        33       1       1.1424   0.8576;
   29       1       0        0       0       0       1       1       0        33       1       1.1424   0.8576;
   30       1       0        0       0       0       1       1       0        33       1       1.1424   0.8576;
   31       1       0        0       0       0       1       1       0        33       1       1.1424   0.8576;
   32       1       0        0       0       0       1       1       0        33       1       1.1424   0.8576;
   33       1       0        0       0       0       1       1       0        33       1       1.1424   0.8576;
   34       1       0        0       0       0       1       1       0        33       1       1.1424   0.8576;
   35       1       0        0       0       0       1       1       0        33       1       1.1424   0.8576;
   36       1       0        0       0       0       1       1       0        33       1       1.1424   0.8576;
   37       1       0        0       0       0       1       1       0        33       1       1.1424   0.8576;
   38       1       0        0       0       0       1       1       0        33       1       1.1424   0.8576;
   39       1       0        0       0       0       1       1       0        33       1       1.1424   0.8576;
   40       1       0        0       0       0       1       1       0        33       1       1.1424   0.8576;
   41       1       0        0       0       0       1       1       0        33       1       1.1424   0.8576;
   42       1       0        0       0       0       1       1       0        33       1       1.1424   0.8576;
   43       1       0        0       0       0       1       1       0        33       1       1.1424   0.8576;
   44       1       0        0       0       0       1       1       0        33       1       1.1424   0.8576;
   45       1       0        0       0       0       1       1       0        33       1       1.1424   0.8576;
   46       1       0        0       0       0       1       1       0        33       1       1.1424   0.8576;
   47       1       0        0       0       0       1       1       0        33       1       1.1424   0.8576;
   48       1       0        0       0       0       1       1       0        33       1       1.1424   0.8576;
   49       1       0        0       0       0       1       1       0        33       1       1.1424   0.8576;
   50       1       0        0       0       0       1       1       0        33       1       1.1424   0.8576;
   51       1       0        0       0       0       1       1       0        33       1       1.1424   0.8576;
   52       1       0        0       0       0       1       1       0        33       1       1.1424   0.8576;
   53       1       0        0       0       0       1       1       0        33       1       1.1424   0.8576;
   54       1       0        0       0       0       1       1       0        33       1       1.1424   0.8576;
   55       1       0        0       0       0       1       1       0        33       1       1.1424   0.8576;
   56       1       0        0       0       0       1       1       0        33       1       1.1424   0.8576;
   57       1       0        0       0       0       1       1       0        33       1       1.1424   0.8576;
   58       1       0        0       0       0       1       1       0        33       1       1.1424   0.8576;
   59       1       0        0       0       0       1       1       0        33       1       1.1424   0.8576;
   60       1       0        0       0       0       1       1       0        33       1       1.1424   0.8576;
   61       1       0        0       0       0       1       1       0        33       1       1.1424   0.8576;
   62       1       0        0       0       0       1       1       0        33       1       1.1424   0.8576;
   63       1       0        0       0       0       1       1       0        33       1       1.1424   0.8576;
   64       1       0        0       0       0       1       1       0        33       1       1.1424   0.8576;
   65       1       0        0       0       0       1       1       0        33       1       1.1424   0.8576;
   66       1       0        0       0       0       1       1       0        33       1       1.1424   0.8576;
   67       1       0        0       0       0       1       1       0        33       1       1.1424   0.8576;
   68       1       0        0       0       0       1       1       0        33       1       1.1424   0.8576;
   69       1       0        0       0       0       1       1       0        33       1       1.1424   0.8576;
   70       1       0        0       0       0       1       1       0        33       1       1.1424   0.8576;
   71       1       0        0       0       0       1       1       0        33       1       1.1424   0.8576;
   72       1       0        0       0       0       1       1       0        33       1       1.1424   0.8576;
   73       1       0        0       0       0       1       1       0        33       1       1.1424   0.8576;
   74       1       0        0       0       0       1       1       0        33       1       1.1424   0.8576;
   75       1       0        0       0       0       1       1       0        33       1       1.1424   0.8576;
   76       1       0        0       0       0       1       1       0        33       1       1.1424   0.8576;
   77       1       0        0       0       0       1       1       0        33       1       1.1424   0.8576;
   78       1       0        0       0       0       1       1       0        33       1       1.1424   0.8576;
